38 [0, 20, 65, 80]
56 [1]
43 [2, 27, 48]
61 [3, 17, 47, 72, 84]
17 [4, 5, 28, 85, 91]
31 [6, 8]
62 [7]
30 [9]
22 [10, 99]
24 [11]
50 [12]
26 [13, 37, 86]
35 [14]
32 [15]
49 [16, 77]
42 [18, 71]
37 [19, 74, 96]
54 [21, 43]
53 [22, 23, 93]
18 [24, 60]
19 [25]
40 [26, 42, 76, 88]
29 [29, 33, 62]
59 [30, 40]
52 [31]
45 [32, 50, 90, 94]
60 [34]
63 [35, 41, 54]
58 [36, 87]
55 [38]
27 [39, 45]
23 [44, 52, 56, 82, 95, 98]
48 [46, 69, 70]
51 [49, 79]
36 [51]
39 [53]
34 [55, 61, 66, 78]
57 [57, 59, 68, 81]
47 [58, 63, 67]
28 [64]
25 [73]
41 [75]
65 [83]
15 [89, 97]
33 [92]
